-0.7238498329118888
-0.74043155726717
-0.7240823691571797
-0.5966484487289938
-0.643127577641251
-0.8386335335746141
-0.843997437356737
-0.6700054613979872
-0.5970367509585397
-0.5695479036894222
-0.5287790922614108
-0.5095526353166939
-0.533080744235895
-0.6653480708502446
-0.6782404751433554
-0.6770151189273617
-0.6803860495869497
-0.4993348068444106
-0.5256986571011628
-0.4223574687244932
-0.5718375385034353
-0.5774089157122001
-0.5398892323731872
-0.47255580829386945
-0.3654840516145671
-0.33287457028554673
-0.5180453280935019
-0.5519109724844915
-0.5120101034718516
-0.6304870334573053
-0.5386967681923801
-0.5660003569263171
-0.5049345902953363
-0.43461466666346976
-0.24184523473987554
-0.36215903486539386
-0.4266481045172632
-0.42479463745823565
-0.40401903875099165
-0.3547276921458283
-0.41400112263049416
-0.4948367544780386
-0.44269978084959477
-0.4915998581875435
-0.5406376075487398
-0.6124631421478032
-0.57995775192802
-0.6361632521289868
-0.7776368981461799
-0.6049597617272883
-0.5599958968259501
-0.5019460170791251
-0.44420763049516077
-0.37018346699625665
-0.3258768951428194
-0.2097676769736379
-0.19707088523706986
-0.11445096427597813
-0.16765069642665353
-0.24148898566448704
-0.16122646683961683
-0.2873010092359817
-0.3375727419725078
-0.3243165472078104
-0.22202152116434737
-0.19223551053859275
-0.24744963845697282
-0.3917247900073832
-0.24528521129898911
-0.19393283679816986
-0.1755866133069355
-0.18523493280067657
-0.16907116099683978
-0.20144966895777813
-0.06039689580229552
0.12401524105138992
0.14063952716665615
0.1016258765781784
0.12307984778919458
-0.03936812316395238
-0.06778661707811928
-0.0007319865989301158
-0.14150324210347814
-0.31530785411294576
-0.34170051538961604
-0.4050273943224151
-0.42106660204105856
-0.37870154751779095
-0.41546282841502513
-0.3882853467939578
-0.3517198962559478
-0.39770626811992343
-0.6143156524854617
-0.6361213110850629
-0.6030649490504217
-0.763218499262634
-0.9688294988365211
-1.113655321134749
-1.2668416273256382
-1.3212287492299402
-1.4357737996636377
-1.640848541409997
-1.6772491390179576
-1.5970835677836595
-1.5772304236096584
-1.6237291068206066
-1.7364703624794746
-1.6869218120814613
-1.616156927465695
-1.6599235156596934
-1.6253236520996233
-1.7090177215257532
-1.7433480090518705
-1.81462725322252
-1.7091697422865395
-1.8728224400130877
-2.025041570439161
-2.094944736742243
-2.0390752396205176
-1.9701345646788806
-1.835756935584529
-1.6371839546721425
-1.6100146036483267
-1.5164472928485453
-1.5726771303840574
-1.6452469886541932
-1.6831518915083228
-1.642269874955477
-1.5658426638724248
-1.602502041516295
-1.5794416511618274
-1.549804986609861
-1.580615440649629
-1.7690291753518512
-1.8450641398329408
-1.8528605989384013
-1.7820863312422959
-1.7745948619878746
-1.820480866410103
-1.8387504970544606
-1.7432545194307438
-1.6262310381533012
-1.6993285147566095
-1.8290987287978282
-1.7695663906708248
-1.76123065633373
-1.8502961531895605
-2.0112837505947128
-1.973365198843323
-1.986831548836921
-2.042873237749291
-2.014567524414909
-1.8754878656091327
-1.872808240332537
-1.7650184723255167
-1.7701931267435018
-1.877811791567436
-1.8884581426320854
-1.7587383358801465
-1.8457343124195045
-1.9397542021215148
-2.065263289205186
-2.1965709005929575
-2.241768482153454
-2.210310348126672
-2.074832281937314
-2.0132014469757546
-1.9461027168945975
-1.8576963993813214
-1.805509875265324
-1.812979374583112
-1.8968284740522694
-1.8773039215392326
-1.854453810635416
-1.8847780119447841
-1.7928347214142593
-1.7448811789638596
-1.8737158309146327
-1.9296787093900745
-1.909564619378546
-2.090835279978286
-2.1252030070749566
-2.0906708519275745
-2.0243965103708343
-2.0326763986819185
-2.086792843960698
-2.021605459492303
-2.1793384537508733
-2.322695926539308
-2.3142748751855287
-2.3531854078544723
-2.179008191314073
-2.4187553525164893
-2.3639330642040326
-2.219699749971412
-2.197866612570174
-2.1434471495533307
-2.0084206880755398
-2.0098736542600064
-2.0449964129437386
-2.166474190870353
-2.1123868043226075
-2.044862994227743
-1.9541239152213108
-1.8056430032815662
-1.8812997307505266
-1.8426330815884855
-1.7495002056213647
-1.7721103439903347
-1.8072647808435938
-1.7659727522014408
-1.6956172050216507
-1.6442917530289813
-1.7103432148175894
-1.8618873141847216
-1.914647030890673
-1.8532436131024048
-1.8793560150748654
-1.800535153096788
-1.7426582805934763
-1.8367046881634184
-1.8729562897615477
-1.9029326952558427
-1.876307972664732
-1.9134866449209804
-1.9510576528562669
-1.9692155865586762
-2.124374275459788
-2.1257518957588672
-2.064162578643808
-2.075055203808884
-2.0635014033917027
-2.1921822727556504
-2.12970757351776
-2.030432067963835
-2.075487980803927
-2.1184029504152617
-2.0339370611548393
-2.1021530603129928
-2.0884957151733747
-1.9800905001388112
-2.071986502184735
-2.042056268708411
-2.0252651258233088
-1.888978952127909
-1.824818896250056
-1.7173544063123973
-1.5219885619285671
-1.4079501539627042
-1.3963859411866948
-1.395983061976915
-1.338497744209874
-1.2844683861489832
-1.1372694555262817
-1.2608273762112943
-1.2543933761132255
-1.357602962874788
-1.4374883211075629
-1.423050505288507
-1.2897714070875546
-1.315085584019124
-1.4322402195861315
-1.3972483487241905
-1.338364260539897
-1.3429211257888714
-1.3440875906808887
-1.376035164300783
-1.4346587120681935
-1.5182562909213015
-1.5304495689281803
-1.5616416128074373
-1.5639640529381518
-1.5892023281068177
-1.6284709713585408
-1.7311527558618496
-1.8229167544810294
-1.7687214838696552
-1.8656289554183587
-1.8076670727242932
-1.83227584441843
-1.734233688040646
-1.8522062471679202
-1.8551674821021564
-1.875710580946036
-1.9581043458336316
-1.9770961471671726
-1.8751263241708658
-1.8424765256588533
-1.8428258199819278
-1.753167920975281
-1.7474480559165058
-1.6987389916663673
-1.6730526099946335
-1.60986401836248
-1.725356163383358
-1.8070376024703905
-1.7855079378434497
-1.7418226753273818
-1.7462550038878695
-1.768123691890634
-1.96882545096264
-2.0733837585136587
-2.1345254367780417
-2.294162136744808
-2.1877394306462365
-2.1388665084538636
-2.0434430156669303
-1.976320565808405
-1.8450792617331673
-1.8959004563434794
-1.9098371203558464
-1.7790737360315094
-1.7394976583675683
-1.7622464456300975
-1.7907536335496663
-1.7711364888077754
-1.6683027611966228
-1.6746499178797174
-1.6205125806957363
-1.6271799018234037
-1.6134321990206515
-1.6473389512421481
-1.557146355896729
-1.501437200173475
-1.4433746468919957
-1.3916133255951924
-1.358511257808153
-1.4864875570845169
-1.550843698287787
-1.533770633725402
-1.6523453526439944
-1.7180462140125006
-1.82812412465128
-1.9133136949359328
-1.9417581014300984
-2.0226466231221223
-2.0039301359033086
-2.0290169800580315
-2.292822374806235
-2.3113951177834133
-2.4044922432167106
-2.307734409769615
-2.411932829641956
-2.4113043412274395
-2.3092517065838005
-2.193261328130072
-2.2539281845415484
-2.2409728004402547
-2.184379305083381
-2.05682290367762
-2.1705215201204986
-2.136482987944836
-2.150122551129796
-2.2989298879125064
-2.202117767634259
-2.228939289928117
-2.2354289667795046
-2.2372838538800646
-2.2963262198662786
-2.2662856027399525
-2.2892791282020477
-2.31523721629348
-2.4056803654884056
-2.446864730781015
-2.3432531169310424
-2.2848955829341118
-2.1930194171311723
-2.146360676625963
-2.0631490047294085
-1.9624696303401314
-1.894817813526311
-1.7196052914193622
-1.6706360255736594
-1.6457523464057928
-1.6891320043027207
-1.7668303202048339
-1.71404071428408
-1.7693266933674414
-1.8363239174990282
-1.8823482344734521
-1.748603510370754
-1.6631306515666424
-1.7441393863903119
-1.7045975008367593
-1.7301492487980434
-1.7339454739828353
-1.8236496110168354
-1.9480342794805066
-1.9045540383531296
-1.7955616811065371
-1.7433742923320097
-1.7604696022386113
-1.7219665532526796
-1.754475226446592
-1.6019416737648957
-1.5774257914820178
-1.7416307291969604
-1.6828679326031917
-1.658926863521112
-1.5876712570144953
-1.4525529693029706
-1.3588552171741934
-1.43824546539164
-1.3803213185790169
-1.4454778712044185
-1.4716285478966142
-1.5108173344807792
-1.3970518930286657
-1.3274965028722008
-1.2948816748384595
-1.2089685278253823
-1.2656894807081143
-1.352129594009011
-1.2413819962533665
-1.1179748182635518
-1.0206082090901825
-0.9296877152473166
-1.0333685583470773
-1.152627580446734
-1.3520979684413377
-1.301997424791644
-1.2148950220857717
-1.2462759183863108
-1.2286587309953718
-1.1995593780211158
-1.0664081536959793
-0.8828772732468536
-0.9999835513974393
-0.9841235331154811
-0.9802263074725336
-0.7990022633812509
-0.6079904533468126
-0.43391717285559356
-0.46541585140496844
-0.41664725017436915
-0.38526779690417473
-0.3649661174270314
-0.4295790889051647
-0.4000346296355528
-0.36307615851754793
-0.3888402668369776
-0.1970799031064549
-0.06577870568355551
-0.3273465148759621
-0.37260657065782976
-0.31947715601389165
-0.28918929454421227
-0.40512989897622853
-0.46721572032157077
-0.43655483211850726
-0.3243773299452601
-0.3633371550566161
-0.6032561428905818
-0.7945119444780889
-0.7449621108427131
-0.7872529789476781
-0.8573663253401321
-0.7651772612288995
-0.7558343987951408
-0.8681163633455539
-0.9634092274082453
-1.034797973698006
-1.0076908699602218
-1.0019905645549974
-1.043128604750502
-1.12988146959923
-1.4206412559013404
-1.5228124246646122
-1.293315610900021
-1.316465556256468
-1.3833782696319679
-1.478515401497075
-1.5624533349256873
-1.6052596795068719
-1.542561623327337
-1.3135400191708868
-1.3356224935019874
-1.6050111117774546
-1.6290281888674165
-1.737710890724831
-1.8550952707250707
-2.0294427308154126
-2.0201062940327335
-2.0923938079747884
-2.098414999656965
-2.04613819678529
-2.1229234916250115
-2.1871900728621654
-2.1243823053143776
-2.0895632017889505
-2.0972621428334035
-2.138557834482474
-1.8496863417278242
-1.8087057372294202
-1.8947650394244873
-1.9824753526523426
-1.941568581121812
-2.0092366913627457
-1.9575033189058157
-1.9549399302575816
-1.9166814587912178
-1.8258659166610243
-1.9166126587353898
-1.8311612758785918
-1.9715522170769741
-2.032838057004819
-1.8672329256143043
-1.9409344810615916
-2.014830882681328
-2.0375435034528007
-2.064068219562345
-2.0449377416536016
-2.1262867934559035
-2.1374902278897725
-2.181269040372031
-2.1662544140840985
-2.400001891881328
-2.529465619223297
-2.5329696015288783
-2.4296716931913047
-2.4560675039878515
-2.5306222010592716
-2.6128630198887377
-2.6499043923035233
-2.753563521249193
-2.705396775486549
-2.6260719332441966
-2.5475980828214544
-2.4303922231063693
-2.2524543615949044
-2.2684541299301366
-2.3080689118398774
-2.2966339229873127
-2.2158580815913997
-2.110155996366981
-2.0418517921918857
-2.164504466804934
-2.309642231041876
-2.274744870659578
-2.389987282635957
-2.342128740600471
-2.3043873893942646
-2.4506346593717194
-2.5282788858521155
-2.5523090606256744
-2.5485373044248383
-2.5631124334878645
-2.4593194155323777
-2.3356789808615974
-2.167898756542962
-1.9936911641616737
-1.8649853028272816
-1.8867002433443292
-1.8817852650122857
-1.9554597451598228
-2.0644735371671166
-2.0371608982408236
-1.9634657046431951
-2.0734226705614205
-2.1694908000405593
-2.0703763236381145
-2.170226303800377
-2.1366411721717804
-2.02366075579195
-2.0375122902920144
-2.118499558739874
-2.0853936209118373
-1.9375131042167044
-1.915317481146439
-1.9543517661909322
-1.9976190296225609
-2.0429013113425465
-1.9146551959262699
-1.946039207676956
-1.9719130102143028
-1.9957971068631273
-2.06748598283675
-2.1442419738161185
-2.034346098064525
-1.9624523757287455
-2.1286413338362333
-2.178208472964779
-2.1972847672798923
-2.137676457303886
-2.2545459752895773
-2.319277404515617
-2.191414390234877
-2.2432879125734546
-2.3315399485081065
-2.2699536362423567
-2.1299368464564075
-2.0894432087454096
-2.224190934697083
-2.2481614705231316
-2.091235046726496
-2.171990246007447
-2.1788589663914175
-2.1548151593201093
-2.08059759676921
-2.0437171201457813
-1.9608011852467744
-2.039227634975597
-2.166483458963592
-2.233308090290409
-2.1343091373340095
-1.968039350957529
-1.9906845050184447
-2.115771736133171
-2.0623850818514913
-2.0116953864053393
-2.0035129675206576
-1.9738150079449526
-2.150819003151754
-2.202474599142648
-2.269649447532891
-2.2148912414479645
-2.2367061501367753
-2.278291184018179
-2.354069713961305
-2.125679820230855
-2.077953505956555
-2.045800378980149
-2.1884411018618004
-2.022540169552948
-2.0028055675379286
-1.9807220621190995
-1.8882028759703926
-1.8990645084178324
-1.8644840289211502
-1.939961129900156
-1.9704704017425592
-1.9431909933756097
-1.941761086638007
-1.8237565024695688
-1.8121027383458725
-1.8007432568977153
-1.862436749850515
-1.7819428082013489
-1.8172112475731539
-1.8675355307947263
-1.8792726461661884
-2.0165951342202417
-2.109847924225347
-2.0644029567851163
-2.004600882483648
-1.9916311667724234
-1.9514440747980966
-1.9858035856029532
-2.000019058364205
-2.1157040053785217
-2.167641670719487
-2.09705861904259
-2.19174345704148
-2.2392666188795762
-2.2829074784060617
-2.2305773084673612
-2.2879600616808373
-2.2715432373615205
-2.2992546662948095
-2.2752595341595776
-2.2501341759286357
-2.362124679906992
-2.2700975048469436
-2.2971771740533407
-2.329900956704487
-2.2625798580427077
-2.1584394048638678
-2.117132849784749
-2.0021777329134576
-1.9541036307481625
-2.0435844567549384
-1.9386750171583205
-1.902891829780385
-1.930985514952713
-1.9436711610565685
-1.9234841880930473
-1.929987394479369
-2.0677057054551615
-2.259032251391785
-2.1924665286052774
-2.1777744952868163
-2.0406418926429097
-2.158211132284762
-2.231951686010801
-2.3207670694782063
-2.3802688098654623
-2.291105217144382
-2.2796328288115832
-2.1259921355308755
-2.2023296699161006
-2.1876557868135458
-2.301518401716693
-2.1998076663180823
-2.1523808850396087
-2.1533837774579676
-2.2410524830723424
-2.0877150828178177
-2.199862437666936
-2.1604695456032865
-2.0963958207391205
-2.0145971916316086
-2.0005817959114536
-1.8602369855453833
-1.895668427944976
-1.8312598442799681
-1.6770624918039858
-1.484461026664194
-1.2726140267819364
-1.4113489274549769
-1.3011811683673191
-1.2685338609201453
-1.242960980776402
-1.3189420816318365
-1.397037571328048
-1.3447630264795125
-1.4084795500660288
-1.4751554282270618
-1.606087014786066
-1.7035781382695543
-1.7518150790956775
-1.781221674697171
-1.818543392203478
-1.8085703639061417
-1.715023446723816
-1.499846001102504
-1.2877231258038644
-1.3403663566116464
-1.3523010821146755
-1.6557408086770076
-1.7691539851460314
-1.8762318671479477
-1.9050896876175485
-1.9517158239018717
-1.9565604642867676
-2.047024103612703
-2.1839270677207816
-2.120503640914765
-2.1318008656498124
-2.0762834206470635
-1.8867742748415204
-1.8938950790297264
-2.1094568567004868
-2.1675814026129525
-2.112294353094656
-2.0975138741193944
-2.0595650745746643
-1.9839658031719196
-1.9182490583731653
-1.8416306609413884
-1.930940059251688
-1.86874061545188
-1.7835170885705816
-1.7727781811111745
-1.645272731518784
-1.5167226507658336
-1.4693569300684484
-1.6044578628176223
-1.6445023391139961
-1.6579007021336978
-1.625286590334785
-1.5760436689501618
-1.4730649243061826
-1.4714629634809853
-1.3449372267116135
-1.490033922100253
-1.477881114411617
-1.4093999719569572
-1.2774794480328973
-1.2648944904802606
-1.3081138302626787
-1.3303893960738353
-1.3644935871399648
-1.5097911016238603
-1.529528815545287
-1.509485557338851
-1.696958058484823
-1.7598004654596544
-1.7732426922102806
-1.8260885276551335
-1.6522111699358168
-1.5070383655585362
-1.418813525756359
-1.514285129827603
-1.4160175409386073
-1.27457344896564
-1.2490317257295416
-1.1530333247305249
-1.133208090230286
-1.1597204732913908
-1.2558670623602746
-1.1251722813806182
-1.128226004893696
-1.032730443638393
-1.0248384792668266
-0.8815476394436549
-0.7630418973187092
-0.8890653160434999
-0.6972420307335566
-0.39725801751914724
-0.3153586183919582
-0.21697398658676648
-0.2759131107882933
-0.38755054223570284
-0.4568264924422664
-0.6336531466754122
-0.6389648612752878
-0.7381305806150915
-0.8457653834466508
-0.8707956102054122
-0.874881972162283
-0.9433655030923107
-0.882734144882821
-0.6919196654177968
-0.7355472726125137
-0.8054700222090403
-0.6886457422052403
-0.7605300457725155
-0.9343319340273373
-1.0851187180142285
-1.1262763579014745
-1.2075980156249964
-1.1195067542012467
-1.1526130627101279
-1.2142949132761562
-1.3088296061392228
-1.2825753453583402
-1.1386662492996555
-1.2238025528975893
-1.2317956466886524
-1.346011658588564
-1.5184644879057523
-1.4720270224957555
-1.480611002429922
-1.4317736324915773
-1.4951012863798563
-1.5666824296027813
-1.64225820516412
-1.6732279897302786
-1.5908974394535293
-1.798185212310829
-1.7855360603861916
-1.9423045218304311
-1.9020035044984125
-1.8369304184656674
-1.9463776686525152
-1.7017546467732478
-1.5683826023756313
-1.5820225336528622
-1.5361228325500464
-1.5932018375430532
-1.803214123553286
-1.6872826994660646
-1.6361084139171935
-1.6071908446445657
-1.4613650575126385
-1.236863025948401
-1.1633021594676294
-1.242256225037885
-1.3194593256893115
-1.3273301836331655
-1.297694603843817
-1.424566597649501
-1.305042053220304
-1.408055565529507
-1.6091526973828092
-1.7053587358009856
-1.7035958548489964
-1.6143002622981826
-1.5752753641649107
-1.409342364168421
-1.2485204582779323
-1.1532666650724734
-1.1640619426625973
-1.1733572165917117
-1.0179253857259414
-0.91841872526512
-0.8716989748998207
-0.8149988286207024
-0.6853626957904391
-0.8313874859938348
-0.7804650869347294
-0.8164645933276017
-0.8692659420949338
-0.7988361961907926
-0.8558516878081304
-0.8609740856695729
-0.9813350668633573
-1.027789725455324
-1.1545568724489221
-1.1871187553793388
-1.077195366822068
-1.1241082770271167
-1.356363837605894
-1.4014414028161999
-1.3207368273367142
-1.1819393498125206
-1.2757114076249811
-1.3670792180004612
-1.4571381686405818
-1.4724473696830656
-1.5734848910899983
-1.614675808442846
-1.7228797170659338
-1.8914245729702954
-1.7390527641822071
-1.791586788279529
-1.9820245373693086
-1.833601925937205
-1.750701886165461
-1.7527097632473165
-1.841612575658886
-1.7576612034561123
-1.768853635835777
-1.6738977595965703
-1.6300878132347607
-1.620928485799562
-1.7010591877558587
-1.644132055298889
-1.682684637413323
-1.5544006685451128
-1.285998494359702
-1.3189310179552327
-1.31562208390671
-1.3030002479403957
-1.4313504944942648
-1.500159349712026
-1.5282296149977563
-1.586700425666281
-1.6426133616051677
-1.7819841974032091
-1.877647036364962
-1.9034810799793498
-1.9117194775360165
-1.9670368738006305
-1.9197660073488136
-1.8688857206155227
-1.776308952727447
-1.7527776974806466
-1.753459263491835
-1.669498602293168
-1.578418964032861
-1.541948785239714
-1.5024756811109548
-1.5922659645442712
-1.4697955835527865
-1.5548787832730833
-1.5783360204793466
-1.6980448270423283
-1.713661147655337
-1.6282606885389517
-1.561185093868717
-1.760197156209872
-1.6967755933697808
-1.7308942680412145
-1.6076195866574567
-1.5731684104418084
-1.5502679968282052
-1.4167244431236874
-1.3041720870060531
-1.2278050006126853
-1.17048538994134
-1.1803068344345462
-1.1703169929162347
-1.1662189716237947
-1.2216188195148385
-1.1631472198409332
-1.3103809378377491
-1.4929653958708216
-1.5521640030530381
-1.547866737510049
-1.5835372520933817
-1.5863597975006256
-1.6605207766863632
-1.7233402311247596
-1.713901491142456
-1.6776188982100704
-1.5407978962853075
-1.4581796503921436
-1.3746591627327662
-1.3120902910879075
-1.2868981191171225
-1.1817982090975934
-1.113227753255509
-1.0520562589911098
-1.0496561064969618
-1.031800141420108
-1.1662518993443922
-1.1256078003208263
-1.2070465270414783
-1.0508514700303253
-1.1078424569164935
-1.0928845272646242
-1.0643848031485945
-1.1657847689510166
-1.134883559990374
-1.1224080604949824
-1.0096899254092018
-1.0021580422110326
-0.9298333915017911
-0.8314268619671581
-0.8229407004600694
-0.8158786100986658
-0.6675810124633029
-0.6626700240521082
-0.5501837311851097
-0.47710631782233065
-0.49529460478341325
-0.6638337516313075
-0.6836014354320031
-0.5974933930551043
-0.5397163344375386
-0.6408139867975673
-0.7023497558908031
-0.7073912390517434
-0.7873607820832518
-0.6933784185078635
-0.6240271705988732
-0.6274550828201415
-0.5064425308926114
-0.6186808447015538
-0.6581565304689027
-0.7195251551995007
-0.870058129532648
-0.8487460965330179
-0.7626512888205029
-0.789743973237525
-0.9064388854329553
-0.8666483601545153
-0.9350019799605233
-1.0495124563786717
-0.960150283251683
-1.0292609259316594
-1.0295995018588495
-1.2199100985998612
-1.4474976995171653
-1.619142136983887
-1.7696839613766873
-1.8442206867237059
-1.7982297604605137
-1.6432322622644349
-1.592455177565031
-1.571343035669768
-1.6109946925387368
-1.691925387765299
-1.7977381783005546
-1.9898813431168294
-2.022353735009941
-1.9657839874281677
-1.9092342537449447
-1.688707384641432
-1.5991021544191317
-1.5025875912152125
-1.509081880785859
-1.5030535321521838
-1.4221809596134516
-1.2788318301975012
-1.29824789724532
-1.3541500733265446
-1.4315851091244358
-1.467501292873544
-1.5789472291751403
-1.5165599609704432
-1.383003991153587
-1.2455276480950654
-1.0366378321596135
-1.0175621626283657
-0.9522547927927518
-0.944404352833277
-0.9736816985434472
-1.076150332177989
-0.9962822170286095
-1.107434210769074
-1.2740683846051366
-1.2889047905228137
-1.208088148845841
-1.1173746228028638
-1.1156157193209222
-1.12376000469584
-1.0418474915419549
-1.0506198728440581
-1.0876013792705614
-0.9369827308707073
-0.6978148095909046
-0.5937246164035718
-0.5481700732548277
-0.5760333991044814
-0.5491109095627416
-0.3549444088872756
-0.2322395913292306
-0.19755352349017782
-0.17101788373260363
-0.15095625542051003
-0.06342847487054476
0.010226097448940466
-0.0215495038061069
0.17015902257373114
0.09643262617086391
0.03867578203847959
0.07883701954265275
-0.027983144129137945
0.03388218282724911
0.02250281668939582
0.02148680946498054
0.07489045046265712
0.12864380878446938
0.044770869922325984
-0.020095621920980675
0.18086304148422222
0.28323579331671733
0.25471109745336296
0.1475594870358711
0.04394568717678329
0.03538842508125466
0.1139437276930473
0.4352307105868417
0.42795801276260664
0.2642502214425137
0.30695634536572824
0.3762473800560662
0.41380682103954475
0.42433266005340203
0.6070165850836866
0.7477860755175896
0.8560486808716504
0.7878519366761498
0.7540836450879014
0.8967146972905695
1.024095279994295
1.0517566170890231
1.225095410389297
1.264673868852118
1.2537465158169103
1.3891090775260528
1.4072893543240366
1.3152568657322754
1.4565108017728154
1.4453746545505195
1.4824006560963114
1.5408516626354616
1.5190692768598297
1.5875126892373086
1.5375931245313381
1.5862289451364455
1.601476613917695
1.5056323978520665
1.4683955468065686
1.3350166931960166
1.4547490014553106
1.4423033376532086
1.2631459397640403
1.157952411334776
1.182330898098396
1.2892053675627002
1.257070088883069
1.3010456877593077
1.3780284865199321
1.5442129344809639
1.5828109262043082
1.5776244964844703
1.632666223845174
1.7189785189858353
1.79041072768127
1.699168610271105
1.752609905730804
1.7645760297339057
1.9184947985627188
1.8681440326834997
1.8550767698168305
1.8373505903351783
1.797413756952229
1.7151597304668385
1.658900343191827
1.7498148012892245
1.6076299409460177
1.5994769176153605
1.760389089029229
1.7067661218897074
1.7325575551997974
1.8297145382416267
1.9984426549611103
2.1125979869161275
2.2174398812071643
2.358183725582962
2.286240088724595
2.2644839180933367
2.4388632872902507
2.3555816693087217
2.317752714573652
2.3115029900449287
2.193558299342373
2.2528618813447556
2.3040672781347857
2.333203569005988
2.3338231084817624
2.389879319977253
2.5245671813229884
2.738095587921642
2.7874972683249997
2.766949076377501
2.7293890260821483
2.6531796895279465
2.639783036147929
2.6418295809439543
2.5821111788064455
2.7683188017731717
2.8948771042622368
2.93081444500635
2.7349281466085382
2.8658108506521707
2.8140093538814357
2.817441409367933
2.64994675677241
2.753754124127435
2.7558935651791856
2.7515764666806763
2.7022204049442946
2.7485565501663722
2.90714142787519
2.9501446694246045
3.010703140181628
2.948549098191086
2.93242944196642
2.9514747349398656
2.9556295915377966
3.012396237050916
3.1217093107960308
3.173569130756043
3.009240645656374
3.0570987902215117
3.121560969131612
2.968921980105455
2.7632885980302047
2.7368985704588398
2.6671321227204032
2.525106033305518
2.397995014585889
2.24391155781189
2.2601641717321983
2.1924867361942395
2.2173174199535852
2.234473615360018
2.263698373025441
2.286466624237826
2.2813954633864184
2.1973476387071136
2.1177794009760165
2.1217402111853376
2.153112012258509
2.3520358163063264
2.424756507380501
2.362028802724032
2.336709984445925
2.3094752419141757
2.1509936901368776
2.199467952099935
2.251073823102
2.2655382098113397
2.1647229357504
2.1002207120844116
1.9966684713253076
1.9315386318963936
1.97130628781355
1.9965597390702923
1.963470033592338
1.8884154438861687
1.8608062822809759
1.937033792847343
2.042222210558254
1.9365683348544347
1.8165197053358169
1.8876498946797733
1.9412824689236923
1.9099608568213151
1.8137023980915408
1.9449443876584538
1.8882903256216343
1.759064597968111
1.6731890605305852
1.7065252269227864
1.6933204906241914
1.7989509110163056
2.0136274280886908
2.093500611218141
1.923386143519619
1.9599290520245307
1.9335608597742466
1.9430733702977352
1.9006684774085723
1.7981668499377177
1.749565895236815
1.713197106771303
1.6629577014540007
1.651326097605003
1.842183208504133
1.736898714182089
1.6662246917602146
1.683936808909437
1.70960475882183
1.496380964878384
1.4781119296875134
1.3674521371214043
1.4496345775781863
1.4725788947860667
1.6582585107901031
1.6739880534090565
1.5852371295085999
1.5600729044563872
1.525946463539851
1.5553308734179478
1.5118071768839563
1.5667025897387956
1.6511969463783884
1.5738330338840811
1.5334332068048806
1.6149359143102344
1.5707957090280813
1.507977715459718
1.5191326911338998
1.3535097194999453
1.2896100913697905
1.2078821106174682
1.223821444098907
1.2949830011010977
1.2011942802722944
1.1968556500214091
1.276011264551163
1.2941378665973131
1.2315550775973956
1.2363395508611537
1.3555266184692703
1.1611629397658796
1.0889424556888145
1.0728451861796469
0.9881985522860884
0.9073061640094018
0.840893794041052
0.7065888361968407
0.8074000107925882
0.9691711637420463
0.96412481260031
1.0036629740256617
1.0228473910504412
0.9890824799147021
0.7407002703579264
0.759020991226468
0.886942402905274
0.8158768163175453
0.8971074070463643
1.0140786664088006
1.0292759828437847
1.1797262905466401
1.212896792030937
1.1365021565525457
1.2112828461052387
1.29187485898121
1.2591263496713252
1.3585136976423586
1.3573696273501037
1.3936641667676266
1.499972981409084
1.4249086261473323
1.3328118743216082
1.369592178340467
1.1458776860214765
1.1148617563753949
1.0259273466370695
1.1940233080146143
1.0900114467022803
1.1717653518019586
1.2056625497190048
1.1114044896914537
1.2623986230718822
1.4328700792519289
1.4551589261095959
1.5787919310821106
1.412821761731165
1.3696942023777878
1.2804572418022007
1.3449185232390084
1.2638241221374418
1.1757664463025734
1.0222556714421065
0.9207503682390473
0.8510783517922539
0.8683420224645562
0.7423100730594336
0.7113467185700472
0.7432751878113664
0.7598834213859661
0.7052377668435595
0.7144144151768462
0.47642929433418585
0.5322912581931397
0.48781109475759105
0.3445790596227706
0.28044242897457106
0.3990170094901859
0.624590673071182
0.5815244363782875
0.5392066562762371
0.316307544908445
0.356688012385254
0.44943074866541166
0.46037589367016896
0.4588773992423729
0.3450974324303824
0.5414671441847764
0.7477884930547389
0.8658640073749293
0.8213899540736866
0.7728117539235173
0.7898063995313023
0.7461300691492195
0.8582591709336677
0.8342665634932973
0.9710083180476836
0.9644304069919677
0.9375814844707191
0.9199375478687695
0.9500779281741619
0.8995456808276472
0.9420896420126215
1.0036441192305092
1.1164567182997094
1.1847419620660393
1.1636161187419625
1.0611644683138637
1.0850609463243557
1.101179523082762
1.0678112385764105
1.152446250922781
1.00390139611791
0.9549161918376462
0.8861861171460518
0.8219461106349601
0.6844761972675039
0.5865220037555536
0.36480457368102326
0.37155542147079584
0.498962944450148
0.43374107815736124
0.34348605930390724
0.3094410407620233
0.10799670657343682
-0.012512063451537613
0.04315199635342219
0.08195328534902553
0.0360659090335572
-0.14359792965539284
-0.2846842702525407
-0.37583293367310244
-0.43650267939844756
-0.42809370403904906
-0.5238123287322685
-0.5936538363230641
-0.6855047935608469
-0.630503491105387
-0.6223118126003235
-0.531961295045668
-0.354919173013658
-0.22582393627681563
-0.21438988009190363
-0.30903236988976374
-0.3218849497580829
-0.33884812529132285
-0.41212620157138136
-0.4637338102063928
-0.3070078835504547
-0.25173950198585837
-0.31406054760880847
-0.17413916672264484
-0.16028178811357155
-0.26942077146340626
-0.4154756240667936
-0.422010887027723
-0.5022326925317563
-0.340684306400832
-0.31974527705567923
-0.34565776811290716
-0.3014365657650605
-0.31304173661323126
-0.6059258281023526
-0.7564326442362749
-0.8575571615614617
-0.9945785806097707
-0.9885784508460563
-1.0980503350626112
-1.1883840622377349
-1.1106648110150739
-1.1170987977105764
-1.0636431050972175
-1.0161228314643345
-0.9622749055044559
-0.9875365314815612
-0.9463261113360448
-0.941295947107248
-0.75763582129175
-0.6821666664009942
-0.635159582784999
-0.5350004255219787
-0.4779860064044435
-0.2573258327284463
-0.3235516614530598
-0.4069587097197177
-0.2476470234429619
-0.24390752502985638
-0.22622427666226502
-0.12578221631544503
-0.19235412413731906
-0.11058243755070596
-0.031502287911484246
-0.027851069848787685
-0.02721380800269735
0.08259387536025564
-0.08902268225425841
0.018312772821511558
0.04258298421783593
-0.0935111025100662
0.02530161095319864
0.0208519617409161
-0.05472232931997691
-0.12295226515729032
-0.15671957487105714
-0.26016416966831185
-0.279708413357259
-0.2784888981313586
-0.2791503720646712
-0.20185585786487403
-0.10693807035269648
-0.11020367573976379
-0.25077696018220663
-0.16899332121020413
-0.22104648234567026
-0.178824936848846
-0.12151596673031702
-0.1975537718690149
-0.2802796074079282
-0.3189052974152038
-0.2814153838233369
-0.39619068691467896
-0.39281912513432266
-0.4102848244526761
-0.4810814840713281
-0.4957437750933143
-0.5893699471791114
-0.7313958825566079
-0.678276287072993
-0.6492070968104056
-0.6296927297009105
-0.6618054780393215
-0.5986814793577538
-0.5485368016244297
-0.4985003730735572
-0.5598356101195939
-0.535494026769081
-0.5180418695160027
-0.5275954500989133
-0.4701929081646121
-0.5646593888059349
-0.5306557805005752
-0.6747701018651167
-0.6492465437589962
-0.5960945089708968
-0.5475957549252433
-0.5932179924632627
-0.4626077906186069
-0.5451455328379295
-0.6877707445278249
-0.8993526108129082
-0.9220332776572223
-0.912058781567636
-0.898272286577707
-0.8822124209959955
-0.8600627391833658
-0.7537538430140727
-0.8342492697718022
-0.8311344413145332
-0.8791514180590038
-0.7511466358373009
-0.7876677245173913
-0.8243073096983711
-0.6944276988228397
-0.6572803295376689
-0.6237865390414882
-0.6820633162324623
-0.9544560575763434
-0.9970729164182722
-1.0098173237494297
-0.9876713620809066
-1.1133683279782223
-1.211389467985035
-1.1561546549369879
-1.1549922710332279
-1.2953887619742779
-1.3778813566113617
-1.4855620525786044
-1.4247506018247085
-1.5407340790947472
-1.5562759806192217
-1.7379745847116213
-1.6671580549942258
-1.7501713846221227
-1.7154231303532415
-1.480556142172527
-1.3243799636085831
-1.2337423843208364
-1.199293436641553
-1.2879307790490657
-1.29109878404689
-1.3680459502586804
-1.3892192564433836
-1.367364247291863
-1.4401640984002213
-1.3865294638862498
-1.4230665558059128
-1.4168745068759898
-1.4447684685611595
-1.6279216666024352
-1.6253518777286542
-1.524803719192739
-1.5221036529339915
-1.8013033496201778
-1.8425090832956978
-1.9242928790648932
-1.9645361647107524
-1.9571507557214862
-2.0223331873122152
-2.0148460251461624
-2.0926690627238553
-1.9941287461466148
-1.9720043506643292
-1.784426141514825
-1.7415303917090432
-1.6258609031875826
-1.5119493764503948
-1.5605527277876807
-1.5445454455386478
-1.4660747915450074
-1.5298937752745425
-1.6004740923977598
-1.705905116243888
-1.7659277018069215
-1.8211814807960094
-2.0277524368418423
-2.039725393669306
-2.091381149236412
-2.0635255562730093
-1.9963370951401505
-2.0489968200756974
-2.2258436326282074
-2.374992153217985
-2.282628419395319
-2.462648642574578
-2.462203602320314
-2.48689588805527
-2.559386026318455
-2.3294457380052385
-2.4255888109523283
-2.5322956441906634
-2.658847510809353
-2.666805706732612
-2.6072412976778225
-2.7173156788583848
-2.730796477945129
-2.664687264231235
-2.5942566472246185
-2.5042181041806817
-2.474832659395402
-2.473348112049532
-2.5396605001058217
-2.627082226826395
-2.591819176949274
-2.6260255230907643
-2.5906802451576674
-2.72191555031403
-2.8818436944021024
-2.9542109421387504
-2.95170454894682
-2.8778200181460623
-2.9851326896107357
-3.0474050066709344
-3.095435081702911
-3.0015415435855943
-3.0143243336459387
-3.012880266108996
-3.1177097512899734
-3.1069332082450574
-3.2010203568473865
-3.1430998640163814
-3.018415693370446
-2.91947661419703
-2.7099854517408275
-2.8063394229806304
-2.9703459191578387
-2.9703144492667044
-2.8989809761396654
-2.914174338824657
-2.976402646804026
-3.0400708184983216
-3.0993071531755496
-3.014507784354533
-3.040357744869623
-3.1387859085339387
-3.0625782107803547
-3.0556767868711616
-3.1100798475770333
-3.1554039258795084
-3.162185197062523
-3.19646352673041
-3.2020698753398724
-3.150312460338371
-3.1637366445609194
-3.172591648292343
-3.271152085996596
-3.357460903366974
-3.316052432092141
-3.355352966898338
-3.4727852219612645
-3.308883632662067
-3.16995145466155
-3.0383170068804484
-3.0176394158748088
-2.8941482527942752
-2.9544745544038484
-2.940447088166718
-2.948988339432191
-2.9345699727376293
-2.810390280917351
-2.969442794674066
-3.0544028457470023
-3.038511895443559
-3.0701299021591626
-3.058302758594285
-3.0270935760589714
-3.050723027400582
-2.9090627102179605
-3.0173185939528806
-2.9647817504746588
-2.994057524189676
-3.033152423005925
-2.910317093054698
-2.8072701948100005
-2.6681104683477797
-2.5490311899135127
-2.6964914881830455
-2.780937813034144
-2.659983533501734
-2.6963927073319662
-2.5081188196004236
-2.614377140211509
-2.5968070509189407
-2.480678289046982
-2.5818736132326543
-2.6434966584861894
-2.665588075446079
-2.6658647662901784
-2.6942907073801914
-2.733997638640947
-2.7341545722357874
-2.7972597145616676
-2.892616550873076
-2.8979695256406055
-2.7352533612017327
-2.7985885013492524
-2.858351206481232
-2.7036827614415015
-2.687162963009072
-2.5314499073601593
-2.589661555893455
-2.697496824252414
-2.662125579704457
-2.7922413036037352
-2.6730758157746752
-2.654000708313587
-2.720425316035566
-2.612992677461324
-2.5319333935072184
-2.4846796025276365
-2.336834478229911
-2.2415366830495014
-2.2261432633818785
-2.2629338746615577
-2.213992360450418
-2.204915588829869
-2.1189546843871923
-2.1945375157985447
-2.139590977205871
-2.020469431269946
-2.044626429838254
-2.186808564144994
-2.1651863376541454
-1.9290137670899672
-1.8332439536749563
-1.769885529830009
-1.711076662288528
-1.7350602484689406
-1.6386246510222924
-1.519722213000454
-1.6323257577415435
-1.4604401613462565
-1.3980458386193062
-1.3404076313563553
-1.4170617419647349
-1.4384772869012024
-1.323667104469866
-1.251214850352691
-1.2570713948998165
-1.2863226879792966
-1.3588345476854258
-1.4548674955485532
-1.4875538686009753
-1.559600705158836
-1.6527455700000897
-1.7781498079547184
-1.7850509823320162
-1.8164568199832896
-1.9063864971586113
-1.9600147821686218
-1.9801351153855902
-1.9077661623176367
-1.918068960345257
-1.8929953606452121
-1.982965980262524
-1.817774768179539
-1.6442642830102148
-1.6183700474574496
-1.6002776641838703
-1.6263258359597872
-1.5225825218433493
-1.5202189217842013
-1.528324466271992
-1.5811994592758731
-1.652290897918118
-1.6256882915762927
-1.525010884045337
-1.4375717619646953
-1.475018217296268
-1.4179338010516087
-1.1855181077331334
-1.2355684604837218
-1.1741334824354364
-1.2671198224468854
-1.0658679086659038
-1.0760934978903156
-1.2690650858311938
-1.203934998430974
-1.1540859060683375
-1.0129364388915536
-1.0542117517768825
-1.1160793187952234
-1.2180729878091743
-1.1501200194629428
-1.1475209145458436
-1.190981444257323
-1.150957778416608
-1.188949617784499
-1.2160885046973329
-1.093350285425709
-1.1892950609680983
-1.355751972863944
-1.3619868064020726
-1.3865159429106668
-1.373561244528448
-1.3736619770413092
-1.4132438649060945
-1.517115971321577
-1.6032007473206742
-1.5761190815549462
-1.6092407574877743
-1.5598633498418848
-1.5049427367049184
-1.4387459058656635
-1.3538248758450733
-1.521280701822081
-1.59286428878006
-1.541922109673746
-1.473736118320122
-1.3616707098733443
-1.4731020947941238
-1.580985259268931
-1.5743725181754562
-1.5847718454627389
-1.5151162696255307
-1.368380773979256
-1.3308545634277729
-1.4900093882127836
-1.538954767791616
-1.4113215426100838
-1.3442589808691485
-1.3317936421199017
-1.3308301049444775
-1.2857296129029228
-1.2786522574369634
-1.3203474303987595
-1.2849418837970619
-1.2463107252682486
-1.1588338454051796
-1.1825548181252952
-1.174897844999368
-1.2641746376478247
-1.2466067424378278
-1.2620803408480576
-1.3593725249271331
-1.3562376574326496
-1.3830759583350343
-1.4025312999197248
-1.3805375053302995
-1.3901197920836623
-1.342742807774293
-1.359826243188044
-1.513704718975029
-1.4042498045079705
-1.2895982879252348
-1.2009240692143959
-1.2545579858466984
-1.2831958467102955
-1.20972513199417
-1.1300426168390632
-1.1831235499515984
-1.2436976088442044
-1.2274296839008836
-1.23541432211434
-1.2180223965127297
-1.3195072769086094
-1.3586089203111058
-1.2320278859808496
-1.2839744310655024
-1.137870388605323
-1.1602247577090763
-1.1262934243944538
-1.128488596289604
-1.276915626226078
-1.314572854835856
-1.4979017951203244
-1.4140147555433797
-1.3605329806207578
-1.3836622651744357
-1.3563453149400402
-1.207551988504593
-1.203999179531718
-1.144591304235705
-1.0289025527149
-0.9003781664618451
-0.8857427171801135
-1.0249139412846477
-1.0823718141920025
-1.0853733701689219
-1.097256607527225
-1.2798210253625608
-1.4736376662308186
-1.5219296205662858
-1.616100859486153
-1.618123331082091
-1.518059893383173
-1.469301033820295
-1.490275450069274
-1.5534752875245301
-1.5900859901655955
-1.574295326892514
-1.5078830480938297
-1.6820577250958406
-1.8548859093244356
-1.8792663089704578
-1.9241194282708058
-1.8452139146308673
-1.8469834596936054
-1.9459682460299184
-1.8750279425956633
-1.8427931945200962
-1.9544630748217113
-1.8930906124278997
-1.6629189823638675
-1.555979854275991
-1.5982912460862537
-1.556957175982111
-1.433821801277
-1.2938175564905738
-1.1876140729481934
-1.196515604255389
-1.1961404944268708
-1.0309782229051605
-0.8719566136055121
-0.9180198590215882
-0.9097695320312146
-0.9122882048737149
-0.9869258442706696
-1.0250168786822733
-1.011235198272722
-1.1567648712677054
-1.136577460927197
-1.0396179510989998
-0.9561131660537023
-0.936671439165797
-0.8534095337056258
-0.7575885755049803
-0.7076628480422305
-0.7056580603552182
-0.7351799504382808
-0.8342246388958516
-0.9627161004741794
-0.9240831222366559
-0.9659464165313795
-1.0496713125608337
-1.20168485184131
-1.2694430065351772
-1.204854424815618
-1.1404424609445791
-1.1131490680383604
-0.9287352555293862
-0.8575706678933186
-0.9882204998721376
-0.9722453743788847
-0.9011160863971582
-0.9066261028868636
-0.9964697285731939
-1.0376274230938833
-1.0552565202023565
-1.0481979066441336
-1.0911690346371814
-1.2218904775795447
-1.245099631742758
-1.009659235504708
-0.9385471180880794
-0.7634694027592649
-0.6623468634167364
-0.6211275200219929
-0.5827501424581764
-0.6765465446964144
-0.6603997861683202
-0.6110171814069634
-0.5157735697399726
-0.35354289508035536
-0.23308160947915013
-0.06391894068249399
-0.00966115273902588
0.026483647212144606
-0.07118798342761118
-0.32129427474323713
-0.469734473777422
-0.4569591198998842
-0.4043380960835124
-0.41279051117212534
-0.45771408643756367
-0.4768261043282526
-0.5626431682498179
-0.49468908655754773
-0.5613850018483053
-0.49148096952910236
-0.4490316758427532
-0.3888929747780183
-0.39745987121021126
-0.2853740578586233
-0.3866413949056606
-0.42936960023862625
-0.3443852556402086
-0.3049838398275885
-0.42416013052517487
-0.4737150344726658
-0.5769391771807676
-0.5403618334725165
-0.437709272442744
-0.345822537382411
-0.30050301735967005
-0.19843634160408968
-0.3836034991483383
-0.4950517601774189
-0.5346300532371797
-0.6617974680203089
-0.7365623342050465
-0.8002579912389174
-0.9000642908873058
-0.9467163474299792
-0.9274500944367331
-0.8959966288777688
-0.9366635423996461
-0.8352645155569364
-0.9127743820131676
-0.9467119033425095
-1.0058453467976165
-0.9998892482475905
-1.1136965994108663
-0.8898931815609447
-0.861830289595236
-0.7286248059235129
-0.7063756831560363
-0.6583402288209488
-0.5994462392435573
-0.564843826240387
-0.4236366285029613
-0.3980463257461887
-0.37982661156632197
-0.41520862405713227
-0.3240273885475769
-0.42129219417624575
-0.5135933860043468
-0.4241900320991003
-0.35433185474848466
-0.3055164602650806
-0.23024031627752423
-0.09184712007177537
-0.14023020893414215
-0.20922152807944924
-0.1455541377250163
-0.1263433580816945
-0.17625406280332293
-0.17110726918298164
-0.12159640032910032
-0.12304912005160751
-0.29122779363786694
-0.3349180043350106
-0.3862465015371776
-0.5058155197425535
-0.5095412791156395
-0.5291142467839768
-0.5962447157502578
-0.6506391871334467
-0.5688134261196378
-0.6267879494615568
-0.6125025730018752
-0.675456751599057
-0.6532520154440161
-0.7531956697450339
-0.7306588339359118
-0.6744442402120963
-0.6928052182695099
-0.6599338453168848
-0.6344751531827336
-0.6667371804530263
-0.6173062515083706
-0.5937301876024145
-0.5862222315638981
-0.4495562821043903
-0.45987933449309515
-0.4827367419236708
-0.6259629502771489
-0.588868111741423
-0.5724115773551557
-0.5871421656643273
-0.54946999573818
-0.49465067381026934
-0.5472669778029673
-0.47642384917441016
-0.4721715714918845
-0.5226054462097232
-0.6407505441394593
-0.6217660654115159
-0.4749210956202977
-0.2535840499406239
-0.1737989317858482
-0.2470320235168749
-0.14648825929197762
-0.1831127159009424
-0.14691923522908232
-0.10925748477522597
-0.03281411192242386
0.09011291240277866
0.12347969570757515
0.12404573572443844
0.20683388837211616
0.21939049401041802
0.20379849249814214
-0.0004958429398502773
0.16159949751184177
0.16634801653179154
0.3445331971342205
0.34718647229863503
0.31429990952816783
0.2960526795794026
0.24418557011820935
0.1800988508584732
0.14973833053607055
0.2999768025785824
0.2569895563884112
0.1788653738978129
0.2924562077352371
0.21400402388750567
0.09006692878036913
0.02787775240362471
-0.009324493845779831
-0.04395068972219557
-0.031131634195476047
0.03685423561110491
0.07093987678481598
0.06369664976545722
-0.04821953391928465
-0.13186157903312676
-0.07792975728283497
-0.22789087142286193
-0.3037520307648434
-0.25963018900621126
-0.210825581419379
-0.2518881094461947
-0.2934621933476797
-0.26730044078447884
-0.1877859622771544
-0.04161180762519336
-0.03484491487341887
0.032923308361749073
0.03180995944420329
-0.11680948570310991
-0.024343642903662636
-0.02955293845379785
0.03120230778207862
-0.16851725205906593
-0.23585444660376825
-0.07727937405328286
-0.06916451920899007
0.015005385349771791
-0.0744709371056962
0.011297625571344483
-0.06746959509612852
-0.061673776492045335
-0.0010604582900513766
0.13709618460446635
0.2772535597109846
0.20065956234685262
-0.03404552124987603
-0.12127383099947871
-0.19488299193462158
-0.1563732637037378
-0.09582164801759122
-0.1834504213673552
-0.23743544319379312
-0.24025401492106827
-0.1852134796914728
-0.25518290297304863
-0.3141961459128109
-0.4281062159966702
-0.4451883485068528
-0.39146013766437754
-0.3592804192676665
-0.31294237676288583
-0.41210889317011756
-0.47107348263378457
-0.32173320315489135
-0.15420249941518674
0.0019071252570464973
0.035104803117886024
0.2528593997546301
0.27691812045388625
0.2659018516184444
0.1846792274064337
0.042767827064980085
0.07529595520788288
0.05616046128959873
0.016383993545177472
0.06756824132456149
0.006554608643065052
-0.01505124794364292
-0.0011681800378838148
0.017837596828725804
0.21898058561095035
0.17211782905198564
0.19177289346665277
0.15077602531999473
0.012356716360346572
-0.020127645421021374
-0.12893070980992505
-0.16314001323358057
-0.09601794984643751
-0.12467801007530237
-0.01374745853701261
-0.026179335397146983
-0.07755651897318382
-0.017233179267223637
0.07084400759917693
-0.09159461665867118
-0.1472565502250494
-0.2777175903150038
-0.3461037851548935
-0.2586984426129476
-0.22626908443461555
-0.35965686986237744
-0.43063251827455484
-0.42704433123731134
-0.4924193763701287
-0.5127309893671229
-0.6396552737019506
-0.6169487020814245
-0.5410456887072129
-0.6782981822394465
-0.7740275778289751
-0.8004611594995042
-0.7927169730363833
-0.8090057989970345
-0.8302048776456388
-0.9605207122600634
-1.042705166172033
-0.9785534850395119
-0.8055450760219206
-0.7665649507226644
-0.6990616743535166
-0.6628933641408179
-0.6467268679553323
-0.5742391545222842
-0.43748397255087784
-0.5082434243073609
-0.6490006347000452
-0.8639984229496297
-0.8046267027015228
-0.8005349038689085
-0.8235737582438085
-0.9028941110737735
-0.9670480747349596
-1.1154395982584073
-1.068129602711331
-1.1409926712699847
-1.2492777774640276
-1.136414912591669
-1.0866177686324572
-1.2754648148835273
-1.2360674710215191
-1.1752130462255956
-1.037638882834169
-0.9977980667555897
-0.830466130537435
-0.814622761756903
-0.8899795605425168
-0.8008624738986015
-0.7408603039896081
-0.8175197151732089
-0.7997240053002798
-0.9017190673048116
-0.8297550944887431
-0.6618401284407653
-0.6379059981777535
-0.7688357817918238
-0.568026540283938
-0.47155763735563144
-0.3720470111958607
-0.26742676185491854
-0.21871155063007353
-0.2322394585319233
-0.18928008085418616
-0.21783472943388843
-0.1684607534635494
-0.15619146166997808
-0.16845760060709006
-0.18969865877807496
-0.10584653545570623
-0.06778904236581387
0.005177892695023682
-0.08031718754606156
-0.03236346714587342
0.09664813544033753
0.05936970493567462
0.018454480027186075
-0.01832601114113809
-0.1467875844304982
-0.07034886196161097
-0.21378276405593843
-0.23807098608491442
-0.14711174760956638
-0.2682147329834862
-0.2210990473625105
-0.13382080616775127
-0.10353568733554513
-0.2476539930590962
-0.2660448949631927
-0.3322383447695093
-0.46116729048673377
-0.44897063495528067
-0.4649039760747172
-0.5892146593800192
-0.7345978426706125
-0.6649605770766459
-0.6741285754984729
-0.6982418644114851
-0.7594895838643836
-0.6480557034676583
-0.587432408451024
-0.4787811556436468
-0.591030742511504
-0.717787317018968
-0.7832973750594392
-0.9464540199663302
-1.006212637330148
-0.9489852872765178
-0.7596498371131885
-0.8341349259626646
-0.8709507418304566
-0.7493728671588307
-0.6575711791899472
-0.540844416837976
-0.37334009714607386
-0.4009082053363303
-0.37682268597559615
-0.46832848924147125
-0.42973739660267596
-0.3394804048882896
-0.42199584305648186
-0.270587439048143
-0.17868152163294843
-0.24152442918352812
-0.18710890022937812
-0.2370641268806022
-0.09498682147383757
-0.14721411532623468
-0.2319656415677854
-0.2644503488021202
-0.06831985104868074
-0.23359558088686896
-0.2830022009170089
-0.31599051112044735
-0.32280674936389814
-0.29031937949604913
-0.5608199290765444
-0.591977002524514
-0.6714876302495703
-0.5714990523489765
-0.6407731894713874
-0.5454130577790521
-0.4431200738665382
-0.4157377916092121
-0.4844848749767938
-0.5067163543391406
-0.5394148762293342
-0.6397397718853426
-0.7553213118152461
-0.8285821663998991
-0.8126056977506044
-0.8897765520915821
-0.9484263124178758
-0.930478609742917
-0.9765134559109304
-0.7444795338798095
-0.6822087322466367
-0.6722251736190406
-0.6093593327449522
-0.4700640239464309
-0.6043668282523679
-0.4982949058859044
-0.5580899221859026
-0.3907394769124962
-0.28909726275417535
-0.23935022224574187
-0.2642407160530811
-0.35004361304108117
-0.44293511826273385
-0.3015299862611217
-0.07608366908054276
-0.10328979693991205
-0.14841175874709325
-0.02342430380274045
0.07747662878034517
0.0789094621362383
0.1848895663392541
0.12725871253286247
0.05342966747733075
-0.038518452098849326
-0.04300778436877953
-0.019381445216819768
-0.008195636344998055
-0.06456782448509911
0.01976022688307779
-0.08151862892153734
-0.07445250298239875
0.11333456210395644
0.10610149153799402
0.14088728947869383
0.18297083814993667
0.28522801661831565
0.2588739358179599
0.3496571183909426
0.16382997597063492
0.17079566120812897
0.21091716535114077
0.23853940685334482
0.27889230598559
0.31208110405887346
0.5073880080633913
0.5046286584252686
0.40480991530105775
0.36938293202426326
0.39168065769542004
0.34924759969558333
0.39498739225386503
0.41522763324904494
0.33980837023047267
0.4336132118131915
0.6406505707489916
0.5864055357301062
0.5745100049859636
0.66030222078344
0.6425090252318597
0.6141226128098057
0.8374236900420216
0.9367030866540788
0.8982819227928868
0.8969193898330018
0.9797720300723697
0.9588500661885438
0.8386143629322693
0.8435596825244298
0.7347340361995679
0.7562776664549914
0.7200462627544417
0.6070014702964607
0.6776507012711799
0.8099628206709067
0.8138521896133405
0.6123793631298643
0.674444004500009
0.6744809027696759
0.5139076284377054
0.41281897308855153
0.3292797919375554
0.24022586905316506
0.3407989317748892
0.17281080483033867
0.24269402838986592
0.13621347542359827
0.017942215701935754
-0.07401114585282874
-0.0557455354687408
-0.026296223390749888
0.06036995319566926
0.01746974950648017
0.03154228225560575
-0.10944008077480517
-0.049439653692819614
0.05379607336684783
0.0343213801297465
-0.02068056425357672
-0.15106368368696638
-0.22518093245285548
-0.04319167442095768
-0.09680615422599695
0.046061225863935344
-0.13480005060185576
-0.18247867542440954
-0.1403915494648257
-0.09443912074038038
-0.006360836030990668
-0.04733088260061606
-0.2139226648640488
-0.24017558523126867
-0.16608467728424556
-0.06353440887531908
-0.07173956647959027
-0.028898433688162938
-0.05581411558653452
-0.011918606669884941
0.08506770459596992
0.06934618233361789
0.04094830450393101
0.0722417797699786
-0.10520332692633011
-0.1423330993258555
-0.01682845743270486
-0.11859033372341715
-0.12254212529302547
-0.20790263642918877
-0.21563247786719678
-0.1569358707388769
-0.23302040525271153
-0.07435610578458972
-0.18530632346745174
-0.11551402182782824
-0.24505293699129496
-0.24229339631136804
-0.22192809229247482
-0.21110745273650844
-0.02356243002179177
-0.06559565941950242
-0.18499230620919072
-0.26631804614350046
-0.27269038621686836
-0.16789578722691278
-0.1650933129713701
-0.25044230451680793
-0.340723447229115
-0.34692040491255927
-0.2918754371114558
-0.2485304686464275
-0.26981509546323534
-0.21666748208476366
-0.17036490813377797
-0.07887010616767764
-0.09383955281904548
-0.1449166109438297
-0.10784508588385151
-0.24125062420885754
-0.3118926061818634
-0.28063559056761195
-0.23171303566737134
-0.307200287170331
-0.23810466145488812
-0.1296553473747814
-0.13871468607803478
-0.02065296982036564
-0.012271502562079444
-0.1711059588128145
-0.22694618190719304
-0.12670979578028743
0.0011816948878992169
-0.11204036613099379
-0.14957120590394832
-0.12289357590402515
-0.08944219953092099
-0.05474689437598427
-0.09510541524289436
-0.1857556342361106
-0.1465683919272682
-0.1358491178966556
-0.32765513444938915
-0.3775753890574368
-0.34231788837732857
-0.4091343937916596
-0.39717555757975603
-0.34715854297511983
-0.3211973662373548
-0.22651110066642227
-0.14178474196566485
-0.21718255875816392
-0.29656491099411425
-0.1473866683916635
-0.08210967428016432
-0.017416491801312498
-0.08360927720451053
-0.19751539468184742
-0.29547428765993144
-0.400273682585149
-0.5075929876702261
-0.35309970335507573
-0.28823137784670255
-0.4350385557314844
-0.39631950556502527
-0.39185521905556914
-0.39461691528943565
-0.6300788378291657
-0.6081083720457179
-0.6680497128590691
-0.7262691329797833
-0.6498782941366671
-0.5052727124978169
-0.5314152162951002
-0.5388808780753839
-0.45020193960508503
-0.4758141720613783
-0.31766931320747804
-0.3274443754154009
-0.22519784122359993
-0.19036303132460367
-0.29031380391871314
-0.46801674545242167
-0.40423336398034526
-0.2885619152275139
-0.311705980924376
-0.3597518049584894
-0.44231713642317133
-0.5050652392748716
-0.4847580486088977
-0.30658285277279645
-0.2353557759291753
-0.19082329740952375
-0.32472041408627733
-0.42786850916967967
-0.4155635214591309
-0.346573501285809
-0.2921334565626394
-0.29969530159288726
-0.2833000826986191
-0.32585162934317513
-0.4034791422557738
-0.40685740631049017
-0.22206029075180356
-0.2521021533412933
-0.4505678038762389
-0.5646952049356359
-0.5733992533130015
-0.4945668895766515
-0.4385525083153265
-0.3816442718971151
-0.3646546350793814
-0.44839522857990477
-0.28716515241338436
-0.18964783605051624
-0.39107111615285195
-0.32518312981607217
-0.32561989850450596
-0.34363095166027285
-0.41133560293041765
-0.5093207905907272
-0.5402144652760584
-0.4830027908890598
-0.49123268590820135
-0.5048303333724948
-0.4932522526181934
-0.5676486766504371
-0.5847597211415894
-0.6654394682965147
-0.6469441879405401
-0.5331130604453851
-0.5791186407540997
-0.5862076736765259
-0.5852885989975732
-0.5237278932784764
-0.5687607060980295
-0.5386759330579556
-0.6453105960656158
-0.6966378042271276
-0.7493900957330537
-0.6780718476886822
-0.6867851055524845
-0.5247762400195246
-0.6847877868414461
-0.7242711907378331
-0.7680439713439031
-0.729108876616238
-0.8030932044732064
-0.7051100289314421
-0.7111019639932882
-0.7694030249323418
-0.9739969602967734
-1.025116767228276
-0.9727400245263605
-1.136355104132993
-1.1453418704217817
-1.05031980539048
-0.8286115584599879
-0.7740114629723903
-0.724544572614019
-0.6395299724712938
-0.5966726642958492
-0.6835157724047735
-0.8380133314899684
-0.8211823172834267
-1.024732897753434
-1.1015717511878818
-0.954464579486229
-1.04743167892372
-1.0411992275520074
-1.1794768976385168
-1.2124207070733612
-1.2624332336255644
-1.3407712528689846
-1.2441965153830716
-1.15949235944029
-1.2223316684528913
-1.1743420247761154
-1.2091686406044455
-1.2853949683421961
-1.3835176399294387
-1.3882193642029568
-1.415730251101146
-1.3585951641887115
-1.3923358863595015
-1.4543773769065358
-1.3754511535712954
-1.3481370302887639
-1.3594934555856915
-1.3085270316555038
-1.3346846905701881
-1.2627835066255038
-1.2450030392681821
-1.274121480564057
-1.3669054463210577
-1.3321403844630832
-1.241877902220199
-1.21725340323791
-1.0889172797176276
-1.0472094138789447
-0.9966965669555671
-0.931021687649848
-0.7303488744839534
-0.6413414234589816
-0.5970214471011687
-0.5182772062400924
-0.5273538482123464
-0.6715900914288979
-0.6827462472296532
-0.7719211574663383
-0.8835209253092634
-0.9109477498972837
-0.9056836881227616
-1.0032862397624236
-1.2141186943425213
-1.3149027184998594
-1.473464270415585
-1.3748381308741424
-1.30475888791484
-1.3510490971087679
-1.4480959169803096
-1.4309129798109614
-1.3154385271344393
-1.1948550897151549
-1.2459879089085475
-1.3723366774497627
-1.2919572041626877
-1.1859852018469503
-1.198461848174361
-1.277443021572845
-1.2817667795065373
-1.3299412734115403
-1.4096681006888223
-1.3618045913984351
-1.3361700258717597
-1.3258970541036883
-1.296173593750658
-1.244221293591209
-1.2502272088516464
-1.2122712880409185
-1.200783798629113
-1.2795295745997903
-1.202058308000546
-1.1160578675158577
-1.221428305764214
-1.2197689582521836
-1.3723413524124295
-1.2859830994042785
-1.3952466079656969
-1.4038509755772086
-1.2070327790833684
-1.2672323035598074
-1.1598584300538137
-1.1484704231551162
-1.1263563317744967
-1.0574849320742667
-1.1659684916926123
-1.1892640730849617
-1.1920685279853567
-1.4123443926662052
-1.4073970827386173
-1.434581349943465
-1.4957999143749952
-1.3305623841488061
-1.2941939766869681
-1.2427473934090751
-1.3186974131424887
-1.098716532965185
-1.0771143633408762
-1.1324497905430615
-1.0674386737475823
-1.0804689591394525
-0.9587767380538255
-1.1783911464111392
-1.2912398703117371
-1.131326386739258
-0.9314206247705656
-0.8678122434397336
-0.8650666472872368
-0.7021884174719278
-0.5889017365776771
-0.5798957194294233
-0.6079839512609766
-0.6648078865005078
-0.7506746230267588
-0.6368798656152524
-0.39451178661892833
-0.29587824361589055
-0.270684317001267
-0.23951077276893593
-0.23945421507676168
-0.25958492288717067
-0.24411678567194936
-0.26612979871342396
-0.3137740972632125
-0.3289715891582575
-0.39463963687836845
-0.318188295462476
-0.39432173793211983
-0.45319083217712064
-0.29121768725459896
-0.11733185540784832
-0.10889615233723085
-0.27255221426336174
-0.2320990686411088
-0.231473689713133
-0.4160841064309331
-0.3011926535570492
-0.15500660568497146
-0.1890979070007269
-0.2352597478686791
-0.29734428269390906
-0.21583329787062375
-0.2692107381056783
-0.2643496431583674
-0.3675706320685714
-0.3599272893890005
-0.36394944360073683
-0.5189576992425491
-0.5215947573791723
-0.5640952525863004
-0.4810087649399829
-0.5232935616081011
-0.4797620264292515
-0.41033567022583417
-0.3423520622406363
-0.3096849879566537
-0.3184403118947244
-0.2739566045576703
-0.17633241326910057
-0.2917820349800368
-0.33732255302053815
-0.32512028519601976
-0.08940057971985187
-0.08473536563233987
-0.0005191166483204649
-0.02628281696531722
0.0213999654132292
0.17002459433780293
0.23981166060498788
0.2792498815745574
0.21106378582453755
0.31678308740834854
0.2593863239768573
0.2914236422362791
0.24706713699022775
0.15987946033382758
0.14075149464478814
0.1977382976890314
0.18770885983704103
0.17344466325217164
0.2091405574195015
0.28593115242011174
0.3418108167254491
0.4968089206863653
0.6100703440800423
0.6764555718712973
0.8680525633884257
0.9198592087361479
0.8533821443476651
0.825376610863774
0.7387789849312817
0.6363324201914455
0.5493410531004714
0.5905270210947609
0.52268083717362
0.5086414870784004
0.435816206454922
0.3343629593704933
0.32736949139545635
0.27128993543156976
0.22940374145911765
0.1258560226787016
0.2572852864562956
0.09567612100361013
0.2078694465526805
0.26161806198519694
0.2706915376703019
0.4014360471002941
0.39715860002081094
0.4102417216492714
0.4682692901605988
0.5495125043909671
0.44170209483587386
0.49078079721823564
0.571547786294663
0.377300677749303
0.2189010581022913
0.25564544656548843
0.21213179346392602
0.24548423319111298
0.4361394535595113
0.39443673301333104
0.47931817805308946
0.3279806510448895
0.24281422598684063
0.20421046605411064
0.28947018103942845
0.13890111096169566
0.2218774952109052
0.3192060403602359
0.37581702637219455
0.4169732246841042
0.255724577360307
0.13894740656170904
0.11030310333487597
0.16560732274758552
0.25846276753582026
0.20298992778396302
0.10298732673784201
0.039403194748362104
0.17035151718061123
0.19983216722778072
0.24677817770490632
0.42346727744928936
0.5415096118024343
0.5017756580815915
0.5759142391196242
0.7595056896385073
0.6644053776713659
0.5290331546073066
0.46590293387274406
0.4424825454959861
0.3216080574356554
0.17747835692678865
0.2448656071270442
0.4106612063222176
0.2957453176528417
0.1344820901268181
0.0754527551411338
0.02606679002477487
-0.09131434379935684
-0.2823237249466916
-0.315812482969618
-0.5130973142659807
-0.5391219480775767
-0.6572083313243664